PED/COWER
1227,  0.491999, 0.000000, 0.000000,  96.600006, 40.000000, 109.000000,  1.000000, 1.000000, 1.000000 ; green bin
1224,  0.103000, 0.000000, 0.000000,  96.600006, 40.000000, 109.000000,  1.000000, 1.000000, 1.000000 ; small wooden crate
1221,  0.004000, 0.093999, 0.041000,  96.600006, 40.000000, 109.000000,  1.000000, 1.000000, 1.000000 ; cardboard box
1236,  0.158000, -0.018999, 0.041000,  96.600006, 40.000000, 109.000000,  1.000000, 1.000000, 1.000000 ; metal bin
1299,  0.099000, 0.177000, 0.043000,  96.600006, 40.000000, 109.000000,  1.000000, 1.000000, 1.000000 ; stack of 5 boxes
1300,  0.034000, 0.247000, 0.103000,  96.600006, 40.000000, 109.000000,  1.000000, 1.000000, 1.000000 ; street bin
1331,  0.427000, -0.081999, 0.103000,  96.600006, 40.000000, 109.000000,  1.000000, 1.000000, 1.000000 ; green wheeled dumpster
1332,  0.527999, -0.181999, 0.103000,  96.600006, 40.000000, 109.000000,  1.000000, 1.000000, 1.000000 ; green wheeled dumpster 2
1333,  0.438000, -0.076999, 0.103000,  96.600006, 40.000000, 109.000000,  1.000000, 1.000000, 1.000000 ; orange wheeled dumpster
1334,  0.676000, -0.183999, 0.103000,  96.600006, 40.000000, 109.000000,  1.000000, 1.000000, 1.000000 ; blue wheeled dumpster
1335,  0.695000, -0.183999, 0.103000,  96.600006, 40.000000, 109.000000,  1.000000, 1.000000, 1.000000 ; clothing bank
1336,  0.614000, -0.183999, 0.103000,  96.600006, 40.000000, 109.000000,  1.000000, 1.000000, 1.000000 ; newspaper recycling bank
1340,  0.668999, -0.153999, 0.362000,  96.600006, 40.000000, 109.000000,  1.000000, 1.000000, 1.000000 ; "chilli dogs" stall
1344,  0.293999, -0.083999, -0.004999,  96.600006, 40.000000, 109.000000,  1.000000, 1.000000, 1.000000 ; medium wheeled grey bin
1345,  0.314999, 0.001000, 0.066000,  96.600006, 40.000000, 109.000000,  1.000000, 1.000000, 1.000000 ; black dumpster
